0, 0, 10
0.01, 0.0707123, 10.0707
0.02, 0.141425, 10.1404
0.03, 0.212137, 10.2092
0.04, 0.282849, 10.277
0.05, 0.353562, 10.3437
0.06, 0.424274, 10.4095
0.07, 0.494986, 10.4744
0.08, 0.565699, 10.5382
0.09, 0.636411, 10.6011
0.1, 0.707123, 10.6629
0.11, 0.777835, 10.7238
0.12, 0.848548, 10.7838
0.13, 0.91926, 10.8427
0.14, 0.989972, 10.9007
0.15, 1.06068, 10.9576
0.16, 1.1314, 11.0136
0.17, 1.20211, 11.0686
0.18, 1.27282, 11.1227
0.19, 1.34353, 11.1757
0.2, 1.41425, 11.2278
0.21, 1.48496, 11.2789
0.22, 1.55567, 11.329
0.23, 1.62638, 11.3781
0.24, 1.6971, 11.4263
0.25, 1.76781, 11.4734
0.26, 1.83852, 11.5196
0.27, 1.90923, 11.5648
0.28, 1.97994, 11.609
0.29, 2.05066, 11.6523
0.3, 2.12137, 11.6945
0.31, 2.19208, 11.7358
0.32, 2.26279, 11.7761
0.33, 2.33351, 11.8154
0.34, 2.40422, 11.8538
0.35, 2.47493, 11.8911
0.36, 2.54564, 11.9275
0.37, 2.61636, 11.9629
0.38, 2.68707, 11.9973
0.39, 2.75778, 12.0307
0.4, 2.82849, 12.0632
0.41, 2.8992, 12.0947
0.42, 2.96992, 12.1251
0.43, 3.04063, 12.1546
0.44, 3.11134, 12.1832
0.45, 3.18205, 12.2107
0.46, 3.25277, 12.2373
0.47, 3.32348, 12.2629
0.48, 3.39419, 12.2875
0.49, 3.4649, 12.3111
0.5, 3.53562, 12.3337
0.51, 3.60633, 12.3554
0.52, 3.67704, 12.3761
0.53, 3.74775, 12.3958
0.54, 3.81847, 12.4145
0.55, 3.88918, 12.4322
0.56, 3.95989, 12.449
0.57, 4.0306, 12.4647
0.58, 4.10131, 12.4795
0.59, 4.17203, 12.4933
0.6, 4.24274, 12.5062
0.61, 4.31345, 12.518
0.62, 4.38416, 12.5289
0.63, 4.45488, 12.5388
0.64, 4.52559, 12.5477
0.65, 4.5963, 12.5556
0.66, 4.66701, 12.5626
0.67, 4.73773, 12.5685
0.68, 4.80844, 12.5735
0.69, 4.87915, 12.5775
0.7, 4.94986, 12.5805
0.71, 5.02057, 12.5826
0.72, 5.09129, 12.5836
0.73, 5.162, 12.5837
0.74, 5.23271, 12.5828
0.75, 5.30342, 12.5809
0.76, 5.37414, 12.578
0.77, 5.44485, 12.5742
0.78, 5.51556, 12.5694
0.79, 5.58627, 12.5636
0.8, 5.65699, 12.5568
0.81, 5.7277, 12.549
0.82, 5.79841, 12.5402
0.83, 5.86912, 12.5305
0.84, 5.93983, 12.5198
0.85, 6.01055, 12.5081
0.86, 6.08126, 12.4954
0.87, 6.15197, 12.4818
0.88, 6.22268, 12.4671
0.89, 6.2934, 12.4515
0.9, 6.36411, 12.4349
0.91, 6.43482, 12.4173
0.92, 6.50553, 12.3988
0.93, 6.57625, 12.3792
0.94, 6.64696, 12.3587
0.95, 6.71767, 12.3372
0.96, 6.78838, 12.3147
0.97, 6.85909, 12.2912
0.98, 6.92981, 12.2668
0.99, 7.00052, 12.2414
1, 7.07123, 12.215
1.01, 7.14194, 12.1876
1.02, 7.21266, 12.1592
1.03, 7.28337, 12.1298
1.04, 7.35408, 12.0995
1.05, 7.42479, 12.0682
1.06, 7.49551, 12.0359
1.07, 7.56622, 12.0026
1.08, 7.63693, 11.9684
1.09, 7.70764, 11.9331
1.1, 7.77835, 11.8969
1.11, 7.84907, 11.8597
1.12, 7.91978, 11.8215
1.13, 7.99049, 11.7824
1.14, 8.0612, 11.7422
1.15, 8.13192, 11.7011
1.16, 8.20263, 11.659
1.17, 8.27334, 11.6159
1.18, 8.34405, 11.5718
1.19, 8.41477, 11.5268
1.2, 8.48548, 11.4807
1.21, 8.55619, 11.4337
1.22, 8.6269, 11.3857
1.23, 8.69761, 11.3368
1.24, 8.76833, 11.2868
1.25, 8.83904, 11.2359
1.26, 8.90975, 11.184
1.27, 8.98046, 11.1311
1.28, 9.05118, 11.0772
1.29, 9.12189, 11.0223
1.3, 9.1926, 10.9665
1.31, 9.26331, 10.9097
1.32, 9.33403, 10.8519
1.33, 9.40474, 10.7931
1.34, 9.47545, 10.7333
1.35, 9.54616, 10.6726
1.36, 9.61687, 10.6108
1.37, 9.68759, 10.5481
1.38, 9.7583, 10.4845
1.39, 9.82901, 10.4198
1.4, 9.89972, 10.3541
1.41, 9.97044, 10.2875
1.42, 10.0411, 10.2199
1.43, 10.1119, 10.1513
1.44, 10.1826, 10.0817
1.45, 10.2533, 10.0112
1.46, 10.324, 9.93963
1.47, 10.3947, 9.86712
1.48, 10.4654, 9.79362
1.49, 10.5361, 9.71914
1.5, 10.6068, 9.64368
1.51, 10.6776, 9.56724
1.52, 10.7483, 9.48982
1.53, 10.819, 9.41142
1.54, 10.8897, 9.33203
1.55, 10.9604, 9.25167
1.56, 11.0311, 9.17032
1.57, 11.1018, 9.08799
1.58, 11.1725, 9.00469
1.59, 11.2433, 8.9204
1.6, 11.314, 8.83513
1.61, 11.3847, 8.74888
1.62, 11.4554, 8.66164
1.63, 11.5261, 8.57343
1.64, 11.5968, 8.48424
1.65, 11.6675, 8.39406
1.66, 11.7382, 8.30291
1.67, 11.809, 8.21077
1.68, 11.8797, 8.11765
1.69, 11.9504, 8.02355
1.7, 12.0211, 7.92847
1.71, 12.0918, 7.83241
1.72, 12.1625, 7.73537
1.73, 12.2332, 7.63735
1.74, 12.3039, 7.53834
1.75, 12.3747, 7.43836
1.76, 12.4454, 7.33739
1.77, 12.5161, 7.23544
1.78, 12.5868, 7.13252
1.79, 12.6575, 7.02861
1.8, 12.7282, 6.92372
1.81, 12.7989, 6.81785
1.82, 12.8696, 6.71099
1.83, 12.9404, 6.60316
1.84, 13.0111, 6.49435
1.85, 13.0818, 6.38455
1.86, 13.1525, 6.27378
1.87, 13.2232, 6.16202
1.88, 13.2939, 6.04928
1.89, 13.3646, 5.93556
1.9, 13.4353, 5.82086
1.91, 13.5061, 5.70518
1.92, 13.5768, 5.58852
1.93, 13.6475, 5.47088
1.94, 13.7182, 5.35225
1.95, 13.7889, 5.23265
1.96, 13.8596, 5.11206
1.97, 13.9303, 4.99049
1.98, 14.001, 4.86795
1.99, 14.0718, 4.74442
2, 14.1425, 4.61991
